X1,X2,Y
-5,-5,-10
-6528,-9529,-16057
-2988,-3952,-6940
-266,-1603,-1869
-594,-443,-1037
-8881,-4956,-13837
-9059,-301,-9360
-8003,-3442,-11445
-3593,-6474,-10067
-7550,-7356,-14906
-4641,-1101,-5742
-7673,-6619,-14292
-7942,-2392,-10334
-4076,-7771,-11847
-3101,-26,-3127
-1358,-5417,-6775
-9576,-1761,-11337
-5276,-2726,-8002
-8867,-1185,-10052
-8058,-9463,-17521
-9905,-1792,-11697
-1730,-1403,-3133
-9049,-5753,-14802
-8796,-7162,-15958
-9993,-5971,-15964
-7048,-7778,-14826
-6157,-6920,-13077
-1313,-5271,-6584
-3574,-2397,-5971
-3733,-5638,-9371
-4930,-6096,-11026
-983,-1357,-2340
-8499,-2454,-10953
-3803,-1682,-5485
-2065,-2188,-4253
-689,-2281,-2970
-7938,-9311,-17249
-5414,-7091,-12505
-1707,-9883,-11590
-1240,-7411,-8651
-5571,-1391,-6962
-5851,-1665,-7516
-4695,-1395,-6090
-8118,-3999,-12117
-2709,-4688,-7397
-4744,-9053,-13797
-7117,-5288,-12405
-7030,-4365,-11395
-9128,-4859,-13987
-6927,-6979,-13906
-3557,-9921,-13478
-9979,-4252,-14231
-2369,-4233,-6602
-1044,-6703,-7747
-3047,-1067,-4114
-3419,-8534,-11953
-7877,-3919,-11796
-6128,-1922,-8050
-2135,-2291,-4426
-4495,-2916,-7411
-2874,-1325,-4199
-3736,-9579,-13315
-2968,-1320,-4288
-2990,-687,-3677
-6951,-4516,-11467
-6443,-9412,-15855
-2134,-1910,-4044
-8616,-1616,-10232
-7022,-5559,-12581
-1645,-2739,-4384
-7092,-2509,-9601
-5131,-6375,-11506
-5257,-8262,-13519
-5435,-1506,-6941
-8099,-981,-9080
-2987,-3373,-6360
-6124,-6096,-12220
-9548,-3660,-13208
-7332,-2802,-10134
-4273,-2777,-7050
-2043,-9696,-11739
-5724,-3997,-9721
-6718,-5716,-12434
-8124,-184,-8308
-5391,-4851,-10242
-2919,-91,-3010
-1647,-9622,-11269
-6141,-7897,-14038
-3389,-5139,-8528
-5985,-8776,-14761
-2768,-2110,-4878
-9537,-642,-10179
-4629,-7300,-11929
-804,-1687,-2491
-6057,-9531,-15588
-1211,-6066,-7277
-874,-5913,-6787
-4600,-2395,-6995
-7018,-7491,-14509
-3090,-5415,-8505
-5320,-2977,-8297
-1018,-4412,-5430
-768,-1446,-2214
-8997,-6479,-15476
-4618,-1088,-5706
-5647,-519,-6166
-3237,-7227,-10464
-3164,-8986,-12150
-2391,-9328,-11719
-7041,-96,-7137
-9377,-5247,-14624
-2547,-9464,-12011
-8054,-2780,-10834
-7787,-9582,-17369
-8320,-9325,-17645
-2696,-2115,-4811
-9225,-2995,-12220
-2995,-6130,-9125
-1302,-8310,-9612
-5322,-1810,-7132
-9259,-4259,-13518
-2699,-7791,-10490
-8187,-858,-9045
-4267,-6860,-11127
-631,-1206,-1837
-8977,-6888,-15865
-8425,-6657,-15082
-4812,-9146,-13958
-1227,-2819,-4046
-4794,-9547,-14341
-2592,-104,-2696
-7026,-7489,-14515
-968,-4527,-5495
-3081,-4360,-7441
-7513,-7326,-14839
-2316,-4694,-7010
-9760,-2587,-12347
-6510,-9765,-16275
-3037,-2898,-5935
-3591,-298,-3889
-1080,-7906,-8986
-4533,-1407,-5940
-6738,-3778,-10516
-1188,-5151,-6339
-5367,-6364,-11731
-5737,-7822,-13559
-7297,-3724,-11021
-2636,-7581,-10217
-9532,-1064,-10596
-8307,-8488,-16795
-2792,-837,-3629
-105,-418,-523
-6515,-8815,-15330
-7618,-8066,-15684
-7007,-3344,-10351
-1846,-3064,-4910
-4134,-88,-4222
-3342,-4730,-8072
-7610,-2201,-9811
-4041,-10000,-14041
-7263,-4455,-11718
-5094,-4016,-9110
-8005,-3091,-11096
-4831,-8552,-13383
-1986,-5041,-7027
-1884,-2284,-4168
-2000,-4238,-6238
-6756,-3394,-10150
-342,-8312,-8654
-7269,-614,-7883
-642,-8711,-9353
-9829,-9573,-19402
-5976,-3388,-9364
-7088,-204,-7292
-4735,-7573,-12308
-7445,-1016,-8461
-2162,-3313,-5475
-925,-7236,-8161
-7806,-4722,-12528
-9059,-5070,-14129
-1965,-6944,-8909
-1976,-4405,-6381
-5157,-4215,-9372
-4134,-3803,-7937
-5062,-6040,-11102
-4066,-589,-4655
-286,-4082,-4368
-837,-3765,-4602
-5106,-9763,-14869
-8787,-7718,-16505
-1205,-4522,-5727
-5661,-2129,-7790
-977,-2383,-3360
-7953,-7344,-15297
-5697,-4504,-10201
-9749,-528,-10277
-1074,-6498,-7572
-2538,-1967,-4505
-6837,-4087,-10924
-2265,-2000,-4265
-4047,-2229,-6276
-627,-255,-882
-2162,-4693,-6855
-6159,-9335,-15494
-2774,-5388,-8162
-3879,-2574,-6453
-1385,-6125,-7510
-2959,-1167,-4126
-7630,-2867,-10497
-8545,-3425,-11970
-6682,-326,-7008
-6693,-714,-7407
-965,-4779,-5744
-4313,-7931,-12244
-9730,-3643,-13373
-1170,-5217,-6387
-7916,-545,-8461
-6441,-3698,-10139
-174,-6756,-6930
-1727,-7658,-9385
-5450,-433,-5883
-9912,-8340,-18252
-6286,-8706,-14992
-6762,-1062,-7824
-1835,-8211,-10046
-4514,-981,-5495
-1197,-1468,-2665
-2882,-3118,-6000
-8452,-8367,-16819
-1487,-753,-2240
-9475,-9096,-18571
-228,-6316,-6544
-4507,-4582,-9089
-4163,-3732,-7895
-6105,-810,-6915
-7170,-8213,-15383
-7771,-6742,-14513
-3674,-1550,-5224
-3287,-6016,-9303
-9495,-686,-10181
-4314,-5706,-10020
-69,-9801,-9870
-8891,-6828,-15719
-1938,-30,-1968
-3222,-6580,-9802
-2286,-860,-3146
-2292,-5793,-8085
-2158,-2672,-4830
-9284,-9336,-18620
-6482,-8115,-14597
-6535,-7221,-13756
-1252,-7304,-8556
-5779,-7383,-13162
-6011,-3797,-9808
-5931,-9552,-15483
-1998,-3156,-5154
-532,-7867,-8399
-9770,-8982,-18752
-7738,-2126,-9864
-5169,-7865,-13034
-626,-3039,-3665
-5715,-508,-6223
-9956,-8502,-18458
-7250,-641,-7891
-3839,-2384,-6223
-1982,-8909,-10891
-7661,-961,-8622
-5171,-3084,-8255
-3541,-2759,-6300
-332,-8719,-9051
-7606,-4114,-11720
-220,-9182,-9402
-9932,-9452,-19384
-9977,-1338,-11315
-6650,-8923,-15573
-7077,-5924,-13001
-680,-8796,-9476
-4324,-564,-4888
-4667,-2926,-7593
-6750,-9825,-16575
-7741,-1398,-9139
-8461,-1539,-10000
-8818,-7313,-16131
-40,-4562,-4602
-6683,-779,-7462
-5158,-6749,-11907
-2434,-4235,-6669
-6626,-2395,-9021
-8840,-8758,-17598
-5098,-7349,-12447
-8430,-5322,-13752
-3442,-6908,-10350
-1613,-6119,-7732
-4937,-5492,-10429
-2279,-8065,-10344
-4221,-4735,-8956
-3748,-8182,-11930
-8776,-8948,-17724
-722,-9041,-9763
-7095,-8803,-15898
-8820,-7346,-16166
-8610,-7158,-15768
-3677,-1794,-5471
-8420,-6995,-15415
-772,-3074,-3846
-6614,-4908,-11522
-6127,-1727,-7854
-9625,-5927,-15552
-8959,-7107,-16066
-8550,-9104,-17654
-9342,-6702,-16044
-8594,-477,-9071
-3196,-6590,-9786
-6174,-3048,-9222
-321,-5871,-6192
-8576,-347,-8923
-9693,-1731,-11424
-1329,-6081,-7410
-761,-5128,-5889
-4309,-1788,-6097
-9958,-6510,-16468
-9875,-6847,-16722
-7066,-2398,-9464
-5698,-3429,-9127
-6917,-3191,-10108
-2440,-9152,-11592
-4140,-7861,-12001
-5992,-8509,-14501
-5697,-9172,-14869
-819,-9794,-10613
-22,-6715,-6737
-8182,-3738,-11920
-1991,-6858,-8849
-4531,-9013,-13544
-3371,-4728,-8099
-1146,-4323,-5469
-6123,-3844,-9967
-4659,-749,-5408
-5816,-970,-6786
-9339,-2192,-11531
-131,-7653,-7784
-6063,-5285,-11348
-5591,-6497,-12088
-9069,-8285,-17354
-6320,-2084,-8404
-275,-5743,-6018
-8776,-9742,-18518
-5676,-4049,-9725
-1007,-6275,-7282
-6767,-9220,-15987
-7238,-4473,-11711
-7516,-8296,-15812
-8665,-9032,-17697
-7338,-707,-8045
-5690,-685,-6375
-5060,-4146,-9206
-2144,-7393,-9537
-8161,-833,-8994
-1948,-4642,-6590
-5602,-9286,-14888
-1880,-220,-2100
-2799,-6438,-9237
-922,-9167,-10089
-6473,-9377,-15850
-2756,-5986,-8742
-6962,-9600,-16562
-7983,-6355,-14338
-6004,-5319,-11323
-1837,-3185,-5022
-3964,-1059,-5023
-2598,-4332,-6930
-7962,-8985,-16947
-4932,-4516,-9448
-6046,-2297,-8343
-3914,-5832,-9746
-4794,-2576,-7370
-7618,-2343,-9961
-6577,-6132,-12709
-9021,-2138,-11159
-7053,-5343,-12396
-1439,-6527,-7966
-5727,-8650,-14377
-3101,-2805,-5906
-9677,-8832,-18509
-6766,-9202,-15968
-4788,-4432,-9220
-1528,-9506,-11034
-4572,-4932,-9504
-7138,-9748,-16886
-8824,-4959,-13783
-4332,-1689,-6021
-5700,-3439,-9139
-5643,-5229,-10872
-6345,-1472,-7817
-8702,-3208,-11910
-4187,-3069,-7256
-3596,-3187,-6783
-2062,-7863,-9925
-1737,-8140,-9877
-2558,-9609,-12167
-6350,-7764,-14114
-7653,-726,-8379
-2753,-1280,-4033
-5051,-3083,-8134
-2421,-4937,-7358
-4886,-6315,-11201
-6480,-4748,-11228
-700,-29,-729
-3290,-2597,-5887
-8398,-3640,-12038
-1140,-9235,-10375
-7493,-6708,-14201
-9279,-7008,-16287
-7184,-4231,-11415
-8945,-4390,-13335
-1960,-2730,-4690
-1752,-783,-2535
-694,-5006,-5700
-3391,-245,-3636
-9858,-576,-10434
-2638,-527,-3165
-9178,-126,-9304
-1239,-8860,-10099
-5572,-6951,-12523
-5795,-4998,-10793
-2912,-2939,-5851
-1566,-7859,-9425
-3527,-1327,-4854
-819,-5259,-6078
-8435,-5574,-14009
-7706,-2494,-10200
-5408,-1914,-7322
-5537,-7374,-12911
-9683,-3124,-12807
-5473,-9996,-15469
-4908,-1758,-6666
-8885,-6265,-15150
-128,-1905,-2033
-8320,-7184,-15504
-2740,-4428,-7168
-1590,-1060,-2650
-556,-3554,-4110
-3251,-1339,-4590
-2224,-2626,-4850
-259,-7166,-7425
-75,-5263,-5338
-7006,-2899,-9905
-2112,-3304,-5416
-6299,-321,-6620
-6082,-5244,-11326
-6034,-1896,-7930
-1891,-628,-2519
-4303,-9162,-13465
-9697,-7865,-17562
-3496,-3368,-6864
-2247,-693,-2940
-3904,-885,-4789
-9312,-3278,-12590
-5950,-9551,-15501
-787,-2190,-2977
-4064,-1301,-5365
-5735,-1300,-7035
-6100,-7741,-13841
-709,-2685,-3394
-8180,-6790,-14970
-1046,-8787,-9833
-7076,-6497,-13573
-5534,-6476,-12010
-5806,-4771,-10577
-7991,-4654,-12645
-692,-7951,-8643
-8016,-2432,-10448
-2598,-9397,-11995
-4921,-8647,-13568
-6798,-7247,-14045
-3152,-5938,-9090
-3229,-2936,-6165
-884,-1300,-2184
-3201,-5624,-8825
-2015,-8286,-10301
-3094,-8535,-11629
-1161,-8822,-9983
-3034,-4343,-7377
-7891,-5049,-12940
-2181,-4697,-6878
-714,-9038,-9752
-6441,-2523,-8964
-2890,-5272,-8162
-9875,-2127,-12002
-4506,-8535,-13041
-7069,-7741,-14810
-3202,-5442,-8644
-7249,-4123,-11372
-5600,-9548,-15148
-1726,-9866,-11592
-5024,-9770,-14794
-3542,-2472,-6014
-5861,-9773,-15634
-6105,-9949,-16054
-5873,-9967,-15840
-8639,-9475,-18114
-5027,-7909,-12936
-7217,-4624,-11841
-8789,-7943,-16732
-2257,-350,-2607
-826,-6028,-6854
-1721,-2474,-4195
-1747,-6254,-8001
-9252,-7506,-16758
-5946,-8752,-14698
-4044,-4081,-8125
-5343,-4008,-9351
-1682,-5693,-7375
-1043,-5691,-6734
-4920,-2222,-7142
-9767,-1202,-10969
-8831,-2979,-11810
-8127,-7225,-15352
-7341,-3949,-11290
-1719,-7612,-9331
-9551,-2659,-12210
-5267,-1220,-6487
-1361,-6339,-7700
-1477,-4337,-5814
-9164,-2971,-12135
-3293,-7259,-10552
-8842,-5479,-14321
-561,-2750,-3311
-9894,-9682,-19576
-2724,-1271,-3995
-1866,-3087,-4953
-2375,-7748,-10123
-9012,-5806,-14818
-7303,-2909,-10212
-1666,-457,-2123
-6594,-1962,-8556
-862,-1265,-2127
-5419,-7738,-13157
-6106,-9628,-15734
-471,-1176,-1647
-4716,-750,-5466
-362,-7481,-7843
-9720,-4818,-14538
-4465,-7929,-12394
-3560,-3846,-7406
-9409,-9852,-19261
-7107,-9381,-16488
-2663,-8701,-11364
-6925,-6041,-12966
-1185,-2671,-3856
-8840,-2945,-11785
-2020,-9139,-11159
-7669,-3579,-11248
-5301,-1175,-6476
-6748,-2930,-9678
-3371,-2841,-6212
-1400,-3363,-4763
-5990,-362,-6352
-6833,-8617,-15450
-984,-2080,-3064
-198,-8568,-8766
-3401,-9788,-13189
-5024,-6812,-11836
-7351,-5386,-12737
-8830,-1578,-10408
-5131,-7133,-12264
-7684,-4424,-12108
-1814,-4267,-6081
-7023,-2081,-9104
-1169,-9946,-11115
-9841,-4281,-14122
-1473,-2254,-3727
-7958,-3727,-11685
-9368,-5511,-14879
-81,-3380,-3461
-7052,-341,-7393
-6403,-1413,-7816
-2905,-4915,-7820
-336,-2538,-2874
-7395,-6714,-14109
-8375,-9978,-18353
-522,-790,-1312
-7473,-6716,-14189
-8923,-1912,-10835
-3700,-6865,-10565
-3973,-849,-4822
-9627,-5873,-15500
-5672,-9985,-15657
-2932,-3388,-6320
-2871,-6074,-8945
-2546,-1311,-3857
-845,-3994,-4839
-9400,-87,-9487
-580,-2254,-2834
-4612,-7089,-11701
-2747,-2669,-5416
-9955,-8370,-18325
-7638,-8224,-15862
-1997,-7666,-9663
-4283,-9613,-13896
-4225,-4651,-8876
-5202,-9029,-14231
-9905,-3158,-13063
-4260,-4705,-8965
-1842,-3985,-5827
-7629,-7125,-14754
-3390,-5119,-8509
-6673,-3522,-10195
-1685,-2778,-4463
-6315,-7592,-13907
-9273,-8540,-17813
-9780,-3485,-13265
-1977,-2674,-4651
-7949,-2275,-10224
-1276,-2334,-3610
-5712,-793,-6505
-7608,-8841,-16449
-7818,-5203,-13021
-1448,-138,-1586
-331,-7649,-7980
-3281,-7423,-10704
-430,-8676,-9106
-9000,-4983,-13983
-2227,-8908,-11135
-9284,-1760,-11044
-6409,-319,-6728
-9548,-8398,-17946
-36,-4522,-4558
-1484,-6836,-8320
-4424,-7514,-11938
-5135,-4712,-9847
-7404,-1583,-8987
-1837,-7170,-9007
-5767,-2266,-8033
-4755,-9082,-13837
-664,-2321,-2985
-9028,-2569,-11597
-9295,-9114,-18409
-1216,-6658,-7874
-7386,-5907,-13293
-9961,-9202,-19163
-6470,-723,-7193
-2459,-362,-2821
-9438,-4451,-13889
-5507,-8814,-14321
-4666,-8998,-13664
-9654,-7429,-17083
-4120,-1488,-5608
-4429,-4215,-8644
-7937,-83,-8020
-1830,-275,-2105
-2894,-1073,-3967
-7189,-8748,-15937
-3332,-5429,-8761
-4776,-8150,-12926
-733,-570,-1303
-1676,-1228,-2904
-2082,-2175,-4257
-6755,-9354,-16109
-2750,-2945,-5695
-8699,-5214,-13913
-9113,-6850,-15963
-762,-847,-1609
-6483,-6045,-12528
-9670,-9716,-19386
-4713,-4768,-9481
-8544,-1622,-10166
-527,-213,-740
-5812,-8496,-14308
-7530,-121,-7651
-7351,-5941,-13292
-4577,-107,-4684
-4470,-3026,-7496
-4563,-8123,-12686
-9229,-4549,-13778
-2780,-4467,-7247
-1109,-3894,-5003
-7472,-9185,-16657
-9962,-3917,-13879
-2256,-9063,-11319
-1475,-8581,-10056
-8352,-8389,-16741
-2954,-7329,-10283
-4526,-2985,-7511
-3810,-9237,-13047
-3657,-2036,-5693
-9238,-2143,-11381
-8914,-7372,-16286
-7622,-1080,-8702
-6494,-5429,-11923
-3279,-8548,-11827
-2965,-3490,-6455
-2648,-4971,-7619
-8369,-915,-9284
-9383,-3510,-12893
-9172,-1704,-10876
-3668,-1320,-4988
-6187,-4542,-10729
-3823,-262,-4085
-8570,-827,-9397
-2166,-1115,-3281
-8048,-1558,-9606
-6007,-8215,-14222
-5904,-9310,-15214
-9132,-5676,-14808
-9686,-5934,-15620
-6764,-4403,-11167
-7843,-3668,-11511
-6386,-4599,-10985
-9959,-6186,-16145
-3361,-9876,-13237
-8240,-4438,-12678
-4467,-1084,-5551
-757,-7874,-8631
-3453,-399,-3852
-9017,-8444,-17461
-6124,-6361,-12485
-4557,-2163,-6720
-3195,-7671,-10866
-7478,-7902,-15380
-9455,-4233,-13688
-1154,-5688,-6842
-4962,-396,-5358
-1448,-834,-2282
-4327,-63,-4390
-4444,-6067,-10511
-6199,-8812,-15011
-8252,-9776,-18028
-5388,-5873,-11261
-3432,-8950,-12382
-4362,-5561,-9923
-3334,-2163,-5497
-6736,-8942,-15678
-7810,-7323,-15133
-1494,-6701,-8195
-6272,-427,-6699
-8847,-727,-9574
-9777,-890,-10667
-5633,-7907,-13540
-8332,-7658,-15990
-9522,-592,-10114
-7522,-4187,-11709
-5143,-2609,-7752
-5991,-1167,-7158
-3694,-5007,-8701
-9357,-6717,-16074
-2651,-894,-3545
-9138,-1438,-10576
-4082,-9581,-13663
-8729,-5456,-14185
-5902,-3066,-8968
-4952,-9562,-14514
-9390,-4041,-13431
-8703,-4686,-13389
-8225,-8340,-16565
-6525,-929,-7454
-2373,-5317,-7690
-9725,-5636,-15361
-2086,-425,-2511
-9742,-6482,-16224
-6213,-2421,-8634
-5366,-1237,-6603
-260,-530,-790
-8767,-3567,-12334
-3072,-2027,-5099
-5460,-3371,-8831
-9747,-9370,-19117
-3847,-3316,-7163
-5792,-313,-6105
-847,-6063,-6910
-7910,-5948,-13858
-9819,-7471,-17290
-6695,-2238,-8933
-263,-6587,-6850
-9495,-5820,-15315
-9793,-7888,-17681
-1106,-6959,-8065
-4878,-4073,-8951
-417,-6308,-6725
-3028,-9332,-12360
-3127,-5102,-8229
-5237,-1866,-7103
-9096,-2571,-11667
-3000,-9867,-12867
-9447,-5006,-14453
-4249,-4040,-8289
-9250,-6223,-15473
-8779,-1597,-10376
-1309,-2405,-3714
-9550,-9975,-19525
-5119,-7507,-12626
-4673,-7278,-11951
-5269,-1931,-7200
-9585,-9905,-19490
-640,-7260,-7900
-7529,-3285,-10814
-6249,-4493,-10742
-4697,-6430,-11127
-2849,-6723,-9572
-4052,-9919,-13971
-4868,-4080,-8948
-7520,-197,-7717
-2667,-7202,-9869
-2027,-3850,-5877
-1133,-5822,-6955
-3447,-9794,-13241
-9216,-6383,-15599
-7417,-8193,-15610
-4458,-387,-4845
-8886,-6793,-15679
-8490,-1766,-10256
-4795,-3428,-8223
-5392,-951,-6343
-8910,-9868,-18778
-4230,-4617,-8847
-743,-2478,-3221
-4001,-7852,-11853
-251,-7164,-7415
-7288,-2418,-9706
-2004,-5016,-7020
-2532,-904,-3436
-7182,-8031,-15213
-5812,-6978,-12790
-1227,-3713,-4940
-9051,-9458,-18509
-5360,-3478,-8838
-6131,-4662,-10793
-3519,-7070,-10589
-5099,-8841,-13940
-8203,-7032,-15235
-9397,-765,-10162
-6046,-609,-6655
-3939,-4784,-8723
-455,-4166,-4621
-335,-5700,-6035
-6978,-806,-7784
-5531,-28,-5559
-9739,-1193,-10932
-3128,-9491,-12619
-7711,-7945,-15656
-1677,-8126,-9803
-1918,-7410,-9328
-9361,-8279,-17640
-8589,-9017,-17606
-3756,-4512,-8268
-9912,-8337,-18249
-778,-7133,-7911
-8476,-7423,-15899
-6772,-8171,-14943
-3870,-6470,-10340
-6237,-2142,-8379
-411,-7944,-8355
-7385,-3344,-10729
-1007,-5223,-6230
-1358,-5070,-6428
-1669,-5350,-7019
-467,-8679,-9146
-994,-7809,-8803
-1810,-927,-2737
-5524,-7158,-12682
-3312,-7771,-11083
-7377,-7120,-14497
-3400,-7166,-10566
-9628,-1462,-11090
-8696,-7584,-16280
-382,-5485,-5867
-6325,-7130,-13455
-9262,-7429,-16691
-9527,-4773,-14300
-8422,-9071,-17493
-8801,-9954,-18755
-2316,-8862,-11178
-8812,-5957,-14769
-5085,-7846,-12931
-7428,-5256,-12684
-5796,-733,-6529
-7485,-8223,-15708
-9025,-2630,-11655
-2610,-2046,-4656
-9563,-6525,-16088
-295,-9620,-9915
-6823,-4196,-11019
-1226,-2110,-3336
-3608,-472,-4080
-5418,-3368,-8786
-7369,-627,-7996
-1228,-54,-1282
-5160,-1784,-6944
-8382,-9957,-18339
-4361,-7909,-12270
-521,-9319,-9840
-6895,-2009,-8904
-9546,-9125,-18671
-2699,-7907,-10606
-6750,-4295,-11045
-4442,-44,-4486
-8705,-1150,-9855
-1317,-3536,-4853
-9742,-8448,-18190
-6235,-8618,-14853
-2770,-5607,-8377
-8286,-4316,-12602
-8212,-6477,-14689
-6653,-6091,-12744
-40,-8843,-8883
-3266,-3483,-6749
-9133,-9025,-18158
-3043,-8042,-11085
-8248,-8714,-16962
-1321,-9676,-10997
-3922,-9012,-12934
-5125,-2425,-7550
-8525,-3241,-11766
-5335,-4655,-9990
-5147,-2749,-7896
-7853,-3861,-11714
-5427,-6212,-11639
-1699,-225,-1924
-1783,-2806,-4589
-6199,-5324,-11523
-9333,-7723,-17056
-7569,-7452,-15021
-1877,-6262,-8139
-4040,-4260,-8300
-2574,-928,-3502
-8683,-6316,-14999
-4387,-2763,-7150
-3729,-2114,-5843
-8877,-8293,-17170
-1793,-9615,-11408
-7078,-6644,-13722
-2921,-7573,-10494
-1395,-2472,-3867
-5502,-7637,-13139
-1490,-3409,-4899
-4936,-1123,-6059
-7291,-5457,-12748
-5123,-9130,-14253
-6769,-6143,-12912
-1429,-4064,-5493
-9058,-3011,-12069
-7292,-6690,-13982
-6387,-8918,-15305
-4260,-1357,-5617
-8670,-7707,-16377
-371,-452,-823
-8831,-47,-8878
-8778,-9390,-18168
-6071,-869,-6940
-9397,-3818,-13215
-738,-7548,-8286
-3002,-3590,-6592
-2831,-5895,-8726
-5105,-2744,-7849
-330,-8475,-8805
-6438,-6157,-12595
-7997,-2998,-10995
-1692,-8138,-9830
-3093,-7906,-10999
-2153,-5449,-7602
-3360,-9965,-13325
-7078,-4298,-11376
-9139,-4210,-13349
-4514,-9925,-14439
-3871,-4711,-8582
-6530,-8354,-14884
-37,-2712,-2749
-7287,-4118,-11405
-6425,-223,-6648
-5225,-2621,-7846
-8550,-1881,-10431
-4440,-5673,-10113
-1763,-8602,-10365
-568,-9599,-10167
-6659,-1232,-7891
-4057,-6588,-10645
-3905,-2352,-6257
-2242,-6306,-8548
-4301,-6270,-10571
-64,-5799,-5863
-6124,-239,-6363
-4271,-556,-4827
-5444,-7929,-13373
-7656,-322,-7978
-299,-8871,-9170
-8062,-1757,-9819
-3964,-3423,-7387
-2061,-9525,-11586
-6359,-8639,-14998
-2099,-9202,-11301
-3688,-8904,-12592
-3562,-5134,-8696
-5419,-3720,-9139
-3269,-1731,-5000
-9954,-3628,-13582
-859,-2701,-3560
-2067,-7353,-9420
-5073,-6624,-11697
-8858,-9134,-17992
-792,-4910,-5702
-9233,-6397,-15630
-9257,-1096,-10353
-2030,-9965,-11995
-3146,-5442,-8588
-468,-9078,-9546
-85,-6799,-6884
-2224,-2162,-4386
-3577,-3590,-7167
-8872,-3228,-12100
-8155,-7547,-15702
-8401,-2541,-10942
-4574,-924,-5498
-3861,-4563,-8424
-502,-2023,-2525
-2372,-7109,-9481
-7224,-6242,-13466
-6258,-8520,-14778
-5577,-3001,-8578
-5972,-7521,-13493
-5722,-3399,-9121
-9580,-9971,-19551
-5274,-3178,-8452
-9839,-8444,-18283
-4597,-4976,-9573
-4518,-7666,-12184
-7833,-7873,-15706
-2838,-8058,-10896
-5336,-2540,-7876
-1163,-8589,-9752
-5381,-2879,-8260
-5789,-9051,-14840
-2029,-5041,-7070
-2162,-1968,-4130
-7539,-6282,-13821
-7489,-5918,-13407
-5152,-7990,-13142
-4213,-1098,-5311
-9737,-7331,-17068
-8394,-7913,-16307
-5758,-5266,-11024
-321,-3280,-3601
-1001,-4840,-5841
-3928,-6035,-9963
-6008,-885,-6893
-9889,-5664,-15553
-193,-3693,-3886
-8128,-5260,-13388
-9301,-8290,-17591
-6793,-5091,-11884
-7944,-485,-8429
-7270,-8220,-15490
-9795,-9010,-18805
-3658,-1194,-4852
-9264,-4028,-13292
-4057,-4605,-8662
-6538,-720,-7258
-545,-5845,-6390
-6258,-1301,-7559
-1838,-4779,-6617
-5431,-2800,-8231
-8459,-9678,-18137
-3373,-6545,-9918
-9600,-6691,-16291
-8977,-7405,-16382
-2942,-949,-3891
-6291,-5891,-12182
-5538,-7025,-12563
-4073,-8196,-12269
-2766,-8479,-11245
-2344,-3773,-6117
-6589,-5920,-12509
-6998,-6366,-13364
-6965,-2029,-8994
-5419,-8259,-13678
-6224,-2424,-8648
-6527,-7611,-14138
-8784,-4746,-13530
-8585,-4896,-13481
-8601,-1150,-9751
-7750,-6293,-14043
-7857,-9682,-17539
-6685,-9028,-15713
-419,-3432,-3851
-1674,-345,-2019
-862,-6600,-7462
-256,-6641,-6897
-3242,-469,-3711
-4792,-5678,-10470
-4251,-8479,-12730
-2656,-731,-3387
-6030,-6892,-12922
-7994,-8038,-16032
-1476,-1979,-3455
-6482,-6687,-13169
-9720,-2366,-12086
-2072,-2435,-4507
-8922,-3539,-12461
-1208,-512,-1720
-9331,-9533,-18864
-5262,-9749,-15011
-8530,-4481,-13011
-33,-4401,-4434
-9777,-3369,-13146
-8800,-6795,-15595
-6298,-8781,-15079
-489,-5878,-6367
-8443,-4378,-12821
-6457,-2911,-9368
-9721,-1160,-10881
-9774,-8295,-18069
-2786,-355,-3141
-4646,-706,-5352
-6680,-4162,-10842
-9170,-9958,-19128
-6851,-9869,-16720
-5141,-6827,-11968
-9038,-3531,-12569
-8637,-3561,-12198
-2692,-2506,-5198
-5578,-50,-5628
-8765,-5199,-13964
-5584,-1525,-7109
-3623,-74,-3697
-3606,-9385,-12991
-9694,-3315,-13009
-8254,-2963,-11217
-6111,-1604,-7715
-8658,-4382,-13040
-2555,-7978,-10533
-8898,-8447,-17345
-4769,-9797,-14566
-8385,-8037,-16422
-1304,-3476,-4780
-8668,-9877,-18545
-5799,-1628,-7427
-2274,-1742,-4016
-9875,-8323,-18198
-5964,-7379,-13343
-6566,-2404,-8970
-3073,-2834,-5907
-3469,-6481,-9950
-4764,-6100,-10864
-6280,-7943,-14223
-2542,-2935,-5477
-1463,-8197,-9660
-7550,-8373,-15923
-3599,-5967,-9566
-6586,-6942,-13528
-837,-1094,-1931
-5522,-4226,-9748
-2736,-2284,-5020
-2506,-4298,-6804
-6358,-3598,-9956
-7842,-194,-8036
-6996,-7365,-14361
-7600,-8410,-16010
-9645,-5065,-14710
-423,-2601,-3024
-4917,-8006,-12923
-8603,-5993,-14596
-8345,-2909,-11254
-7250,-1992,-9242
-7786,-4198,-11984
-8203,-3989,-12192
-7853,-4025,-11878
-4288,-9747,-14035
-1931,-3923,-5854
-8136,-5902,-14038
-7093,-9776,-16869
-820,-1402,-2222
-6207,-4257,-10464
-2826,-5617,-8443
-1090,-2457,-3547
-1345,-4742,-6087
-7467,-8565,-16032
-6842,-4135,-10977
-3881,-9035,-12916
-3495,-123,-3618
-8162,-5157,-13319
-7520,-264,-7784
-3949,-2138,-6087
-459,-73,-532
-644,-7218,-7862
-2125,-861,-2986
-5594,-5224,-10818
-6244,-6929,-13173
-3028,-3264,-6292
-4944,-4666,-9610
-6589,-3298,-9887
-8852,-589,-9441
-228,-2171,-2399
-2391,-6243,-8634
-6689,-5374,-12063
-279,-2089,-2368
-2146,-8999,-11145
-195,-5892,-6087
-3499,-2544,-6043
-2709,-5163,-7872
-8362,-8321,-16683
-5315,-3738,-9053
-6428,-8599,-15027
-5618,-8004,-13622
-5904,-6797,-12701
-4859,-8411,-13270
-4205,-924,-5129
-7355,-5488,-12843
-495,-2177,-2672
-7316,-2886,-10202
-4424,-8503,-12927
-3649,-4020,-7669
-3658,-7224,-10882
-4756,-835,-5591
-3518,-9287,-12805
-9688,-6009,-15697
-5178,-108,-5286
-3321,-1637,-4958
-7294,-3277,-10571
-4178,-1333,-5511
-6586,-1752,-8338
-6720,-9585,-16305
-7475,-9676,-17151
-9129,-8240,-17369
-4872,-1635,-6507
-5128,-157,-5285
-232,-61,-293
-8141,-770,-8911
-6734,-2662,-9396
-5082,-8566,-13648
-3318,-9178,-12496
-3563,-9962,-13525
-9943,-7185,-17128
-386,-844,-1230
-1235,-3963,-5198
-3893,-9407,-13300
-6622,-7824,-14446
-1292,-2659,-3951
-9668,-3056,-12724
-3927,-1484,-5411
-8983,-7770,-16753
-270,-2127,-2397
-2968,-5988,-8956
-3282,-4438,-7720
-3480,-6196,-9676
-2885,-6293,-9178
-5213,-2311,-7524
-603,-6432,-7035
-6910,-5096,-12006
-3507,-3817,-7324
-6608,-2056,-8664
-3103,-6670,-9773
-5022,-560,-5582
-5247,-7445,-12692
-9022,-9383,-18405
-8153,-4781,-12934
-7230,-6283,-13513
-2606,-7930,-10536
-2315,-7310,-9625
-9196,-9203,-18399
-6836,-2998,-9834
-9240,-2602,-11842
-4758,-116,-4874
-4472,-478,-4950
